1,1,400
1,126,69,57,3,0.0324
2,113.0000,52.0000,61.0000,3,0.0484
3,116.0000,42.0000,74.0000,3,0.0671
4,120.0000,35.0000,85.0000,3,0.0822
5,117.0000,50.0000,67.0000,3,0.0986
6,120.0000,28.0000,92.0000,3,0.1171
7,120.0000,49.0000,71.0000,3,0.1324
8,119.0000,40.0000,79.0000,3,0.1465
9,120.0000,31.0000,89.0000,3,0.1645
10,129.0000,73.0000,56.0000,3,0.1802
11,130.0000,53.0000,77.0000,3,0.1957
12,132.0000,60.0000,72.0000,3,0.2127
13,111.0000,44.0000,67.0000,3,0.2283
14,128.0000,32.0000,96.0000,3,0.2401
15,116.0000,36.0000,80.0000,3,0.2557
16,123.0000,49.0000,74.0000,3,0.2739
17,116.0000,43.0000,73.0000,3,0.2880
18,117.0000,43.0000,74.0000,3,0.3030
19,114.0000,40.0000,74.0000,3,0.3219
20,113.0000,46.0000,67.0000,3,0.3393
21,115.0000,36.0000,79.0000,3,0.3561
22,116.0000,59.0000,57.0000,3,0.3697
23,111.0000,54.0000,57.0000,3,0.3858
24,126.0000,52.0000,74.0000,3,0.4022
25,112.0000,44.0000,68.0000,3,0.4178
26,135.0000,87.0000,48.0000,3,0.4339
27,110.0000,42.0000,68.0000,3,0.4500
28,123.0000,47.0000,76.0000,3,0.4664
29,132.0000,70.0000,62.0000,3,0.4841
30,116.0000,40.0000,76.0000,3,0.5002
31,117.0000,45.0000,72.0000,3,0.5159
32,116.0000,42.0000,74.0000,3,0.5315
33,143.0000,71.0000,72.0000,3,0.5461
34,125.0000,49.0000,76.0000,3,0.5665
35,111.0000,47.0000,64.0000,3,0.5830
36,116.0000,50.0000,66.0000,3,0.6009
37,125.0000,40.0000,85.0000,3,0.6155
38,132.0000,53.0000,79.0000,3,0.6314
39,123.0000,36.0000,87.0000,3,0.6481
40,125.0000,51.0000,74.0000,3,0.6656
41,134.0000,62.0000,72.0000,3,0.6803
42,111.0000,42.0000,69.0000,3,0.6980
43,136.0000,71.0000,65.0000,3,0.7135
44,119.0000,38.0000,81.0000,3,0.7284
45,123.0000,45.0000,78.0000,3,0.7444
46,111.0000,59.0000,52.0000,3,0.7625
47,110.0000,49.0000,61.0000,3,0.7770
48,124.0000,74.0000,50.0000,3,0.7944
49,123.0000,45.0000,78.0000,3,0.8109
50,116.0000,51.0000,65.0000,3,0.8270
51,109.0000,51.0000,58.0000,3,0.8445
52,128.0000,59.0000,69.0000,3,0.8559
53,110.0000,52.0000,58.0000,3,0.8710
54,123.0000,43.0000,80.0000,3,0.8885
55,114.0000,29.0000,85.0000,3,0.9041
56,112.0000,46.0000,66.0000,3,0.9191
57,122.0000,49.0000,73.0000,3,0.9368
58,114.0000,31.0000,83.0000,3,0.9508
59,130.0000,73.0000,57.0000,3,0.9680
60,115.0000,53.0000,62.0000,3,0.9863
61,110.0000,53.0000,57.0000,3,1.0044
62,123.0000,45.0000,78.0000,3,1.0211
63,111.0000,45.0000,66.0000,3,1.0356
64,114.0000,55.0000,59.0000,3,1.0528
65,115.0000,54.0000,61.0000,3,1.0694
66,111.0000,51.0000,60.0000,3,1.0833
67,117.0000,41.0000,76.0000,3,1.0996
68,123.0000,57.0000,66.0000,3,1.1172
69,115.0000,56.0000,59.0000,3,1.1323
70,112.0000,46.0000,66.0000,3,1.1508
71,112.0000,54.0000,58.0000,3,1.1685
72,124.0000,46.0000,78.0000,3,1.1864
73,117.0000,55.0000,62.0000,3,1.2047
74,113.0000,46.0000,67.0000,3,1.2194
75,118.0000,58.0000,60.0000,3,1.2372
76,112.0000,49.0000,63.0000,3,1.2490
77,133.0000,46.0000,87.0000,3,1.2650
78,119.0000,39.0000,80.0000,3,1.2781
79,128.0000,72.0000,56.0000,3,1.2961
80,113.0000,46.0000,67.0000,3,1.3097
81,124.0000,49.0000,75.0000,3,1.3257
82,116.0000,47.0000,69.0000,3,1.3414
83,117.0000,59.0000,58.0000,3,1.3584
84,120.0000,46.0000,74.0000,3,1.3739
85,120.0000,38.0000,82.0000,3,1.3895
86,114.0000,51.0000,63.0000,3,1.4066
87,110.0000,44.0000,66.0000,3,1.4210
88,121.0000,56.0000,65.0000,3,1.4387
89,137.0000,52.0000,85.0000,3,1.4497
90,111.0000,50.0000,61.0000,3,1.4650
91,120.0000,54.0000,66.0000,3,1.4816
92,110.0000,44.0000,66.0000,3,1.4987
93,134.0000,77.0000,57.0000,3,1.5170
94,136.0000,73.0000,63.0000,3,1.5353
95,116.0000,33.0000,83.0000,3,1.5514
96,114.0000,44.0000,70.0000,3,1.5663
97,118.0000,30.0000,88.0000,3,1.5838
98,118.0000,55.0000,63.0000,3,1.6005
99,115.0000,37.0000,78.0000,3,1.6162
100,119.0000,70.0000,49.0000,3,1.6322
101,113.0000,51.0000,62.0000,3,1.6472
102,126.0000,52.0000,74.0000,3,1.6635
103,114.0000,55.0000,59.0000,3,1.6808
104,125.0000,47.0000,78.0000,3,1.6973
105,114.0000,35.0000,79.0000,3,1.7120
106,135.0000,63.0000,72.0000,3,1.7298
107,131.0000,55.0000,76.0000,3,1.7483
108,125.0000,57.0000,68.0000,3,1.7622
109,117.0000,48.0000,69.0000,3,1.7782
110,112.0000,53.0000,59.0000,3,1.7953
111,115.0000,42.0000,73.0000,3,1.8106
112,121.0000,56.0000,65.0000,3,1.8317
113,117.0000,43.0000,74.0000,3,1.8474
114,154.0000,75.0000,79.0000,3,1.8629
115,118.0000,54.0000,64.0000,3,1.8760
116,128.0000,53.0000,75.0000,3,1.8954
117,134.0000,53.0000,81.0000,3,1.9099
118,114.0000,25.0000,89.0000,3,1.9297
119,117.0000,61.0000,56.0000,3,1.9492
120,118.0000,52.0000,66.0000,3,1.9648
121,112.0000,48.0000,64.0000,3,1.9815
122,126.0000,48.0000,78.0000,3,1.9972
123,111.0000,49.0000,62.0000,3,2.0140
124,118.0000,39.0000,79.0000,3,2.0279
125,122.0000,53.0000,69.0000,3,2.0403
126,115.0000,48.0000,67.0000,3,2.0554
127,128.0000,64.0000,64.0000,3,2.0686
128,118.0000,32.0000,86.0000,3,2.0828
129,124.0000,57.0000,67.0000,3,2.1001
130,113.0000,47.0000,66.0000,3,2.1164
131,118.0000,41.0000,77.0000,3,2.1345
132,124.0000,59.0000,65.0000,3,2.1531
133,126.0000,68.0000,58.0000,3,2.1682
134,129.0000,61.0000,68.0000,3,2.1824
135,120.0000,43.0000,77.0000,3,2.2003
136,123.0000,67.0000,56.0000,3,2.2148
137,120.0000,30.0000,90.0000,3,2.2275
138,115.0000,53.0000,62.0000,3,2.2397
139,113.0000,47.0000,66.0000,3,2.2581
140,122.0000,58.0000,64.0000,3,2.2722
141,140.0000,62.0000,78.0000,3,2.2892
142,131.0000,63.0000,68.0000,3,2.3000
143,131.0000,59.0000,72.0000,3,2.3173
144,122.0000,57.0000,65.0000,3,2.3299
145,113.0000,58.0000,55.0000,3,2.3441
146,114.0000,31.0000,83.0000,3,2.3606
147,110.0000,46.0000,64.0000,3,2.3761
148,137.0000,62.0000,75.0000,3,2.3934
149,116.0000,37.0000,79.0000,3,2.4077
150,110.0000,50.0000,60.0000,3,2.4243
151,127.0000,66.0000,61.0000,3,2.4409
152,124.0000,48.0000,76.0000,3,2.4559
153,112.0000,42.0000,70.0000,3,2.4738
154,117.0000,42.0000,75.0000,3,2.4878
155,133.0000,83.0000,50.0000,3,2.5046
156,131.0000,71.0000,60.0000,3,2.5199
157,130.0000,50.0000,80.0000,3,2.5369
158,111.0000,51.0000,60.0000,3,2.5513
159,150.0000,69.0000,81.0000,3,2.5693
160,121.0000,57.0000,64.0000,3,2.5858
161,118.0000,48.0000,70.0000,3,2.6013
162,123.0000,58.0000,65.0000,3,2.6143
163,123.0000,29.0000,94.0000,3,2.6308
164,111.0000,47.0000,64.0000,3,2.6475
165,117.0000,47.0000,70.0000,3,2.6647
166,119.0000,56.0000,63.0000,3,2.6832
167,117.0000,39.0000,78.0000,3,2.7063
168,122.0000,49.0000,73.0000,3,2.7252
169,112.0000,50.0000,62.0000,3,2.7398
170,122.0000,41.0000,81.0000,3,2.7543
171,124.0000,67.0000,57.0000,3,2.7670
172,132.0000,49.0000,83.0000,3,2.7851
173,122.0000,51.0000,71.0000,3,2.7979
174,111.0000,38.0000,73.0000,3,2.8152
175,123.0000,72.0000,51.0000,3,2.8309
176,118.0000,49.0000,69.0000,3,2.8522
177,116.0000,32.0000,84.0000,3,2.8672
178,112.0000,54.0000,58.0000,3,2.8829
179,125.0000,38.0000,87.0000,3,2.9016
180,123.0000,58.0000,65.0000,3,2.9172
181,113.0000,62.0000,51.0000,3,2.9303
182,111.0000,46.0000,65.0000,3,2.9448
183,110.0000,41.0000,69.0000,3,2.9576
184,122.0000,49.0000,73.0000,3,2.9714
185,118.0000,60.0000,58.0000,3,2.9880
186,117.0000,48.0000,69.0000,3,3.0044
187,111.0000,40.0000,71.0000,3,3.0170
188,114.0000,41.0000,73.0000,3,3.0322
189,146.0000,89.0000,57.0000,3,3.0499
190,119.0000,32.0000,87.0000,3,3.0668
191,124.0000,48.0000,76.0000,3,3.0848
192,123.0000,54.0000,69.0000,3,3.1025
193,120.0000,27.0000,93.0000,3,3.1190
194,140.0000,47.0000,93.0000,3,3.1308
195,112.0000,48.0000,64.0000,3,3.1471
196,136.0000,54.0000,82.0000,3,3.1590
197,123.0000,47.0000,76.0000,3,3.1739
198,118.0000,38.0000,80.0000,3,3.1885
199,128.0000,61.0000,67.0000,3,3.2032
200,115.0000,33.0000,82.0000,3,3.2191
201,136.0000,73.0000,63.0000,3,3.2376
202,134.0000,57.0000,77.0000,3,3.2541
203,144.0000,79.0000,65.0000,3,3.2732
204,120.0000,63.0000,57.0000,3,3.2883
205,330.0000,288.0000,42.0000,3,3.3082
206,112.0000,54.0000,58.0000,3,3.3237
207,116.0000,46.0000,70.0000,3,3.3415
208,115.0000,66.0000,49.0000,3,3.3572
209,113.0000,45.0000,68.0000,3,3.3703
210,114.0000,56.0000,58.0000,3,3.3825
211,113.0000,62.0000,51.0000,3,3.3947
212,119.0000,45.0000,74.0000,3,3.4140
213,122.0000,58.0000,64.0000,3,3.4328
214,115.0000,36.0000,79.0000,3,3.4511
215,115.0000,45.0000,70.0000,3,3.4684
216,126.0000,47.0000,79.0000,3,3.4858
217,120.0000,53.0000,67.0000,3,3.4995
218,114.0000,32.0000,82.0000,3,3.5145
219,115.0000,39.0000,76.0000,3,3.5309
220,113.0000,47.0000,66.0000,3,3.5442
221,116.0000,50.0000,66.0000,3,3.5602
222,130.0000,53.0000,77.0000,3,3.5757
223,118.0000,46.0000,72.0000,3,3.5923
224,121.0000,53.0000,68.0000,3,3.6085
225,117.0000,46.0000,71.0000,3,3.6231
226,111.0000,45.0000,66.0000,3,3.6387
227,119.0000,35.0000,84.0000,3,3.6510
228,115.0000,47.0000,68.0000,3,3.6638
229,127.0000,62.0000,65.0000,3,3.6807
230,133.0000,80.0000,53.0000,3,3.6975
231,113.0000,43.0000,70.0000,3,3.7115
232,112.0000,47.0000,65.0000,3,3.7289
233,123.0000,65.0000,58.0000,3,3.7445
234,113.0000,55.0000,58.0000,3,3.7606
235,117.0000,35.0000,82.0000,3,3.7739
236,112.0000,46.0000,66.0000,3,3.7908
237,116.0000,49.0000,67.0000,3,3.8125
238,130.0000,35.0000,95.0000,3,3.8253
239,126.0000,56.0000,70.0000,3,3.8408
240,127.0000,52.0000,75.0000,3,3.8529
241,115.0000,57.0000,58.0000,3,3.8708
242,118.0000,50.0000,68.0000,3,3.8837
243,112.0000,43.0000,69.0000,3,3.8969
244,127.0000,55.0000,72.0000,3,3.9080
245,110.0000,46.0000,64.0000,3,3.9255
246,111.0000,47.0000,64.0000,3,3.9430
247,118.0000,42.0000,76.0000,3,3.9575
248,121.0000,60.0000,61.0000,3,3.9735
249,115.0000,29.0000,86.0000,3,3.9889
250,119.0000,65.0000,54.0000,3,4.0077
251,119.0000,43.0000,76.0000,3,4.0296
252,113.0000,34.0000,79.0000,3,4.0480
253,116.0000,32.0000,84.0000,3,4.0651
254,117.0000,62.0000,55.0000,3,4.0809
255,119.0000,62.0000,57.0000,3,4.0957
256,115.0000,64.0000,51.0000,3,4.1130
257,115.0000,34.0000,81.0000,3,4.1317
258,124.0000,64.0000,60.0000,3,4.1482
259,110.0000,47.0000,63.0000,3,4.1614
260,112.0000,51.0000,61.0000,3,4.1770
261,135.0000,54.0000,81.0000,3,4.1948
262,131.0000,63.0000,68.0000,3,4.2152
263,112.0000,53.0000,59.0000,3,4.2313
264,114.0000,39.0000,75.0000,3,4.2439
265,114.0000,26.0000,88.0000,3,4.2562
266,111.0000,53.0000,58.0000,3,4.2731
267,114.0000,51.0000,63.0000,3,4.2881
268,121.0000,61.0000,60.0000,3,4.3046
269,118.0000,53.0000,65.0000,3,4.3202
270,114.0000,47.0000,67.0000,3,4.3357
271,114.0000,61.0000,53.0000,3,4.3522
272,127.0000,57.0000,70.0000,3,4.3647
273,131.0000,33.0000,98.0000,3,4.3755
274,121.0000,53.0000,68.0000,3,4.3923
275,116.0000,44.0000,72.0000,3,4.4094
276,120.0000,43.0000,77.0000,3,4.4251
277,124.0000,40.0000,84.0000,3,4.4406
278,123.0000,38.0000,85.0000,3,4.4559
279,136.0000,44.0000,92.0000,3,4.4693
280,127.0000,59.0000,68.0000,3,4.4830
281,121.0000,66.0000,55.0000,3,4.5105
282,123.0000,45.0000,78.0000,3,4.5219
283,114.0000,39.0000,75.0000,3,4.5419
284,118.0000,56.0000,62.0000,3,4.5563
285,117.0000,62.0000,55.0000,3,4.5718
286,126.0000,57.0000,69.0000,3,4.5897
287,115.0000,33.0000,82.0000,3,4.6065
288,120.0000,58.0000,62.0000,3,4.6224
289,117.0000,58.0000,59.0000,3,4.6389
290,110.0000,46.0000,64.0000,3,4.6563
291,112.0000,41.0000,71.0000,3,4.6714
292,114.0000,63.0000,51.0000,3,4.6875
293,111.0000,52.0000,59.0000,3,4.7040
294,124.0000,52.0000,72.0000,3,4.7229
295,139.0000,70.0000,69.0000,3,4.7344
296,111.0000,54.0000,57.0000,3,4.7498
297,119.0000,48.0000,71.0000,3,4.7655
298,120.0000,45.0000,75.0000,3,4.7801
299,110.0000,40.0000,70.0000,3,4.7934
300,117.0000,66.0000,51.0000,3,4.8092
301,113.0000,43.0000,70.0000,3,4.8230
302,124.0000,52.0000,72.0000,3,4.8349
303,119.0000,55.0000,64.0000,3,4.8508
304,124.0000,59.0000,65.0000,3,4.8638
305,123.0000,63.0000,60.0000,3,4.8798
306,116.0000,52.0000,64.0000,3,4.8976
307,121.0000,42.0000,79.0000,3,4.9124
308,126.0000,48.0000,78.0000,3,4.9241
309,118.0000,48.0000,70.0000,3,4.9412
310,110.0000,51.0000,59.0000,3,4.9596
311,117.0000,42.0000,75.0000,3,4.9741
312,114.0000,36.0000,78.0000,3,4.9929
313,119.0000,33.0000,86.0000,3,5.0074
314,125.0000,59.0000,66.0000,3,5.0244
315,111.0000,49.0000,62.0000,3,5.0410
316,118.0000,55.0000,63.0000,3,5.0544
317,113.0000,52.0000,61.0000,3,5.0713
318,112.0000,61.0000,51.0000,3,5.0849
319,114.0000,54.0000,60.0000,3,5.1058
320,115.0000,40.0000,75.0000,3,5.1225
321,128.0000,68.0000,60.0000,3,5.1344
322,116.0000,54.0000,62.0000,3,5.1489
323,124.0000,42.0000,82.0000,3,5.1617
324,113.0000,53.0000,60.0000,3,5.1764
325,111.0000,42.0000,69.0000,3,5.1896
326,124.0000,60.0000,64.0000,3,5.2002
327,118.0000,61.0000,57.0000,3,5.2137
328,116.0000,57.0000,59.0000,3,5.2299
329,121.0000,45.0000,76.0000,3,5.2451
330,132.0000,30.0000,102.0000,3,5.2599
331,112.0000,52.0000,60.0000,3,5.2789
332,112.0000,37.0000,75.0000,3,5.2951
333,127.0000,36.0000,91.0000,3,5.3096
334,120.0000,57.0000,63.0000,3,5.3305
335,162.0000,89.0000,73.0000,3,5.3466
336,132.0000,54.0000,78.0000,3,5.3674
337,116.0000,51.0000,65.0000,3,5.3839
338,118.0000,26.0000,92.0000,3,5.4006
339,126.0000,51.0000,75.0000,3,5.4187
340,122.0000,61.0000,61.0000,3,5.4313
341,122.0000,37.0000,85.0000,3,5.4471
342,139.0000,38.0000,101.0000,3,5.4588
343,118.0000,57.0000,61.0000,3,5.4744
344,116.0000,47.0000,69.0000,3,5.4917
345,119.0000,55.0000,64.0000,3,5.5096
346,114.0000,43.0000,71.0000,3,5.5256
347,113.0000,47.0000,66.0000,3,5.5458
348,121.0000,65.0000,56.0000,3,5.5568
349,118.0000,49.0000,69.0000,3,5.5732
350,128.0000,73.0000,55.0000,3,5.5885
351,114.0000,54.0000,60.0000,3,5.6044
352,138.0000,61.0000,77.0000,3,5.6200
353,120.0000,43.0000,77.0000,3,5.6364
354,132.0000,58.0000,74.0000,3,5.6519
355,113.0000,48.0000,65.0000,3,5.6662
356,133.0000,76.0000,57.0000,3,5.6799
357,115.0000,60.0000,55.0000,3,5.6944
358,143.0000,64.0000,79.0000,3,5.7081
359,123.0000,57.0000,66.0000,3,5.7258
360,116.0000,48.0000,68.0000,3,5.7379
361,113.0000,38.0000,75.0000,3,5.7534
362,111.0000,47.0000,64.0000,3,5.7690
363,127.0000,63.0000,64.0000,3,5.7840
364,122.0000,38.0000,84.0000,3,5.8008
365,112.0000,42.0000,70.0000,3,5.8197
366,114.0000,57.0000,57.0000,3,5.8386
367,146.0000,65.0000,81.0000,3,5.8584
368,124.0000,63.0000,61.0000,3,5.8718
369,116.0000,40.0000,76.0000,3,5.8890
370,118.0000,42.0000,76.0000,3,5.9055
371,109.0000,53.0000,56.0000,3,5.9253
372,116.0000,57.0000,59.0000,3,5.9431
373,114.0000,48.0000,66.0000,3,5.9564
374,119.0000,57.0000,62.0000,3,5.9714
375,119.0000,59.0000,60.0000,3,5.9891
376,127.0000,62.0000,65.0000,3,6.0040
377,125.0000,73.0000,52.0000,3,6.0257
378,113.0000,56.0000,57.0000,3,6.0406
379,128.0000,62.0000,66.0000,3,6.0626
380,123.0000,56.0000,67.0000,3,6.0790
381,116.0000,55.0000,61.0000,3,6.0972
382,139.0000,75.0000,64.0000,3,6.1151
383,150.0000,90.0000,60.0000,3,6.1323
384,137.0000,73.0000,64.0000,3,6.1556
385,116.0000,47.0000,69.0000,3,6.1795
386,113.0000,44.0000,69.0000,3,6.2010
387,112.0000,49.0000,63.0000,3,6.2280
388,122.0000,56.0000,66.0000,3,6.2521
389,125.0000,49.0000,76.0000,3,6.2686
390,114.0000,59.0000,55.0000,3,6.2825
391,128.0000,57.0000,71.0000,3,6.2994
392,114.0000,30.0000,84.0000,3,6.3165
393,111.0000,53.0000,58.0000,3,6.3333
394,127.0000,68.0000,59.0000,3,6.3510
395,133.0000,46.0000,87.0000,3,6.3711
396,123.0000,39.0000,84.0000,3,6.3866
397,115.0000,36.0000,79.0000,3,6.4007
398,120.0000,66.0000,54.0000,3,6.4156
399,119.0000,46.0000,73.0000,3,6.4316
400,113.0000,50.0000,63.0000,3,6.4516
401,127.0000,67.0000,60.0000,3,6.4660
402,115.0000,38.0000,77.0000,3,6.4839
403,116.0000,38.0000,78.0000,3,6.5019
404,118.0000,45.0000,73.0000,3,6.5171
405,114.0000,40.0000,74.0000,3,6.5335
406,113.0000,62.0000,51.0000,3,6.5500
407,120.0000,66.0000,54.0000,3,6.5670
408,129.0000,64.0000,65.0000,3,6.5810
409,115.0000,40.0000,75.0000,3,6.6010
410,110.0000,50.0000,60.0000,3,6.6173
411,121.0000,45.0000,76.0000,3,6.6327
412,129.0000,69.0000,60.0000,3,6.6487
413,129.0000,66.0000,63.0000,3,6.6641
414,123.0000,60.0000,63.0000,3,6.6813
415,132.0000,60.0000,72.0000,3,6.6953
416,110.0000,41.0000,69.0000,3,6.7099
417,110.0000,53.0000,57.0000,3,6.7254
418,118.0000,56.0000,62.0000,3,6.7499
419,118.0000,50.0000,68.0000,3,6.7678
420,117.0000,47.0000,70.0000,3,6.7825
421,113.0000,57.0000,56.0000,3,6.8007
422,117.0000,70.0000,47.0000,3,6.8157
423,117.0000,39.0000,78.0000,3,6.8316
424,138.0000,66.0000,72.0000,3,6.8456
425,116.0000,57.0000,59.0000,3,6.8577
426,110.0000,51.0000,59.0000,3,6.8754
427,144.0000,74.0000,70.0000,3,6.8931
428,122.0000,55.0000,67.0000,3,6.9110
429,121.0000,50.0000,71.0000,3,6.9285
430,119.0000,44.0000,75.0000,3,6.9457
431,114.0000,46.0000,68.0000,3,6.9612
432,115.0000,39.0000,76.0000,3,6.9782
433,117.0000,56.0000,61.0000,3,6.9889
434,112.0000,48.0000,64.0000,3,7.0030
435,116.0000,52.0000,64.0000,3,7.0162
436,122.0000,36.0000,86.0000,3,7.0337
437,113.0000,59.0000,54.0000,3,7.0522
438,133.0000,69.0000,64.0000,3,7.0673
439,116.0000,29.0000,87.0000,3,7.0833
440,122.0000,49.0000,73.0000,3,7.1007
441,119.0000,70.0000,49.0000,3,7.1163
442,140.0000,79.0000,61.0000,3,7.1294
443,114.0000,31.0000,83.0000,3,7.1440
444,136.0000,58.0000,78.0000,3,7.1711
445,116.0000,60.0000,56.0000,3,7.1848
446,130.0000,69.0000,61.0000,3,7.1974
447,115.0000,45.0000,70.0000,3,7.2125
448,113.0000,49.0000,64.0000,3,7.2293
449,126.0000,70.0000,56.0000,3,7.2436
450,159.0000,91.0000,68.0000,3,7.2608
451,123.0000,37.0000,86.0000,3,7.2789
Best value,109.0000,51.0000,58.0000,3,51,0.8445,452,0,0.0000
Clustering configuration: 
 Partition 0 (571): [ 0 1 2 3 4 5 6 8 9 10 11 12 13 14 15 16 17 18 19 20 21 22 23 24 30 31 32 33 34 35 36 37 38 39 40 41 42 43 44 45 46 47 48 49 50 51 52 53 54 55 56 57 58 59 60 61 62 63 64 65 66 67 68 69 70 71 72 73 74 75 76 77 78 79 80 81 82 83 84 85 86 87 88 89 90 91 92 93 94 95 96 97 98 99 100 101 102 103 104 105 106 107 108 109 110 111 112 114 115 116 117 118 119 120 121 122 123 124 127 128 129 130 131 132 133 134 135 136 137 138 139 140 141 142 143 144 145 146 147 148 149 150 151 152 153 154 155 156 157 158 159 160 161 162 163 165 166 167 168 169 170 171 172 173 174 175 180 181 182 183 184 185 186 187 188 189 190 191 193 194 195 196 197 198 199 200 201 202 203 204 205 206 207 218 219 220 221 222 223 224 225 226 227 228 229 230 231 232 233 234 235 236 237 238 239 240 241 242 243 244 245 246 247 248 249 250 251 252 253 254 255 256 257 258 259 260 261 262 263 264 265 266 267 268 269 270 271 272 273 274 275 276 277 278 279 280 281 282 283 284 285 286 287 288 289 290 291 292 293 294 295 296 297 298 299 300 301 302 303 304 305 306 307 308 309 310 311 312 313 314 315 316 317 318 319 320 321 322 323 324 325 326 327 328 329 330 331 332 333 334 335 336 337 338 339 340 341 342 343 344 345 346 347 348 349 350 351 352 353 354 355 356 357 358 359 360 361 362 363 364 365 366 367 368 369 370 371 372 373 374 375 376 377 378 379 380 381 382 383 384 385 386 387 388 389 390 391 392 393 394 395 396 397 398 399 400 401 402 403 404 405 406 407 408 409 410 411 412 413 414 415 416 417 418 419 420 421 422 423 424 425 426 427 428 429 430 431 432 434 435 436 437 439 440 441 442 443 444 445 446 447 448 449 450 451 452 453 454 455 456 457 458 459 460 461 462 463 464 465 466 467 468 469 470 471 472 473 474 475 476 477 478 479 480 481 482 483 484 485 486 487 488 489 490 491 492 493 494 495 496 497 498 499 500 501 502 503 504 505 506 507 508 509 510 511 512 513 514 515 516 517 518 519 520 521 522 523 524 525 526 527 528 529 530 532 533 535 536 537 538 539 540 541 542 543 544 545 546 547 548 549 550 551 552 553 554 555 556 557 558 559 560 561 562 563 564 565 566 567 568 569 570 571 572 573 574 575 576 577 578 579 580 581 582 583 584 585 586 587 588 589 590 591 592 593 594 595 596 597 598 599 ] 
 Partition 1 (25): [ 7 25 26 27 28 29 125 126 164 176 177 178 179 208 209 210 211 212 213 214 215 216 217 438 534 ] 
 Partition 2 (4): [ 113 192 433 531 ] 
